country,vaccines,covid_confirmed,population,people_vaccinated,covid_confirmed_converted,population_converted,country_code,latitude,longitude,Percentage
Afghanistan,Oxford/AstraZeneca,56779,39590542,280546,56.779,3959.0542,AF,33.93911,67.709953,0.70861874
Albania,Pfizer/BioNTech,126795,2875401,300546,126.795,287.5401,AL,41.153332,20.168331,10.45231604
Andorra,Pfizer/BioNTech,12286,77359,3546,12.286,7.7359,AD,42.546245,1.601554,4.583823472
Antigua and Barbuda,Oxford/AstraZeneca,22717,33635777,200546,22.717,3363.5777,AG,17.060816,-61.796428,0.596228236
Argentina,Sputnik V,2407159,45510835,755212,2407.159,4551.0835,AR,-38.416097,-63.616672,1.659411435
Australia,Oxford/AstraZeneca,29364,25724425,343702,29.364,2572.4425,AU,-25.274398,133.775136,1.467103735
Australia,Pfizer/BioNTech,29364,25724425,33702,29.364,2572.4425,AU,-25.274398,133.775136,1.467103735
Austria,Oxford/AstraZeneca,560972,9045490,448627,560.972,904.549,AT,47.516231,14.550072,10.1252779
Austria,Moderna,560972,9045490,48627,560.972,904.549,AT,47.516231,14.550072,10.1252779
Austria,Pfizer/BioNTech,560972,9045490,418627,560.972,904.549,AT,47.516231,14.550072,10.1252779
Azerbaijan,Oxford/AstraZeneca,271834,10208608,293360,271.834,1020.8608,AZ,40.143105,47.576927,10.64513399
Azerbaijan,Sputnik V,271834,10208608,793360,271.834,1020.8608,AZ,40.143105,47.576927,10.64513399
Bahrain,Oxford/AstraZeneca,149791,1745999,301103,149.791,174.5999,BH,25.930414,50.637772,42.63530506
Bahrain,Pfizer/BioNTech,149791,1745999,401103,149.791,174.5999,BH,25.930414,50.637772,42.63530506
Bahrain,Sputnik V,149791,1745999,11103,149.791,174.5999,BH,25.930414,50.637772,42.63530506
Bahrain,Sinopharm/Beijing,149791,1745999,31103,149.791,174.5999,BH,25.930414,50.637772,42.63530506
Bangladesh,Oxford/AstraZeneca,644439,165935442,200546,644.439,16593.5442,BD,23.684994,90.356331,0.120857845
Barbados,Oxford/AstraZeneca,13679,287643,41125,13.679,28.7643,BB,13.193887,-59.543198,14.2972365
Belarus,Sputnik V,328290,9446953,200546,328.29,944.6953,BY,53.709807,27.953389,2.122864378
Belgium,Moderna,902964,11628013,532682,902.964,1162.8013,BE,50.503887,4.469936,5.148136659
Belgium,Oxford/AstraZeneca,902964,11628013,12682,902.964,1162.8013,BE,50.503887,4.469936,5.148136659
Belgium,Pfizer/BioNTech,902964,11628013,53262,902.964,1162.8013,BE,50.503887,4.469936,5.148136659
Bermuda,Pfizer/BioNTech,11469,62102,2046,11.469,6.2102,BM,32.321384,-64.75737,3.294579885
Bolivia,Sputnik V,275392,11793761,200546,275.392,1179.3761,BO,-16.290154,-63.588653,1.700441445
Brazil,Sinovac,13023189,213708216,2542206,13023.189,21370.8216,BR,-14.235004,-51.92528,4.250848269
Brazil,Oxford/AstraZeneca,13023189,213708216,6542206,13023.189,21370.8216,BR,-14.235004,-51.92528,4.250848269
Bulgaria,Moderna,356859,6908467,184764,356.859,690.8467,BG,42.733883,25.48583,3.113353512
Bulgaria,Oxford/AstraZeneca,356859,6908467,11847,356.859,690.8467,BG,42.733883,25.48583,3.113353512
Bulgaria,Pfizer/BioNTech,356859,6908467,18474,356.859,690.8467,BG,42.733883,25.48583,3.113353512
Cambodia,Sinopharm/Beijing,12824,16894402,24331,12.824,1689.4402,KH,12.565679,104.990963,0.144018119
Canada,Pfizer/BioNTech,1014374,37993587,1407961,1014.374,3799.3587,CA,56.130366,-106.346771,4.042582239
Canada,Moderna,1014374,37993587,127961,1014.374,3799.3587,CA,56.130366,-106.346771,4.042582239
Cayman Islands,Pfizer/BioNTech,11501,66308,546,11.501,6.6308,KY,19.513469,-80.566956,0.823430054
Chile,Sinovac,1032612,19240888,3252042,1032.612,1924.0888,CL,-35.675147,-71.542969,18.67940814
Chile,Pfizer/BioNTech,1032612,19240888,342042,1032.612,1924.0888,CL,-35.675147,-71.542969,18.67940814
China,Sinopharm/Beijing,90329,1439323776,203546,90.329,143932.3776,CN,35.86166,104.195397,0.06424114
China,Sinopharm/Wuhan,90329,1439323776,220546,90.329,143932.3776,CN,35.86166,104.195397,0.06424114
China,Sinovac,90329,1439323776,500546,90.329,143932.3776,CN,35.86166,104.195397,0.06424114
Colombia,Pfizer/BioNTech,2456409,51294650,600546,2456.409,5129.465,CO,4.570868,-74.297333,1.170777069
Costa Rica,Pfizer/BioNTech,216764,5129457,233695,216.764,512.9457,CR,9.748917,-83.753428,4.555940327
Croatia,Pfizer/BioNTech,280164,4085926,153085,280.164,408.5926,HR,45.1,15.2,3.74664152
Cyprus,Pfizer/BioNTech,48278,1214041,900546,48.278,121.4041,CY,35.126413,33.429859,74.17756072
Czechia,Moderna,48278,1214041,48878,48.278,121.4041,,,,12.49002299
Czechia,Oxford/AstraZeneca,48278,1214041,43878,48.278,121.4041,,,,12.49002299
Czechia,Pfizer/BioNTech,48278,1214041,58878,48.278,121.4041,,,,12.49002299
Denmark,Moderna,233797,5807732,469535,233.797,580.7732,DK,56.26392,9.501785,8.868694354
Denmark,Pfizer/BioNTech,233797,5807732,45535,233.797,580.7732,DK,56.26392,9.501785,8.868694354
Dominican Republic,Oxford/AstraZeneca,254435,10930522,60000,254.435,1093.0522,DO,18.735693,-70.162651,0.548921634
Ecuador,Pfizer/BioNTech,336777,17846068,35886,336.777,1784.6068,EC,-1.831239,-78.183406,0.201086312
El Salvador,Oxford/AstraZeneca,65491,6511108,200546,65.491,651.1108,SV,13.794185,-88.89653,3.080059492
England,Oxford/AstraZeneca,336777,6511108,1733384,336.777,651.1108,,,,29.28484676
England,Pfizer/BioNTech,336777,6511108,173384,336.777,651.1108,,,,29.28484676
Estonia,Moderna,109781,1327215,18759,109.781,132.7215,EE,58.595272,25.013607,3.720346741
Estonia,Oxford/AstraZeneca,109781,1327215,11859,109.781,132.7215,EE,58.595272,25.013607,3.720346741
Estonia,Pfizer/BioNTech,109781,1327215,18759,109.781,132.7215,EE,58.595272,25.013607,3.720346741
Faeroe Islands,Pfizer/BioNTech,11661,49004,200,11.661,4.9004,,,,0.408129949
Finland,Moderna,79737,5547278,38476,79.737,554.7278,FI,61.92411,25.748151,6.071950964
Finland,Oxford/AstraZeneca,79737,5547278,284476,79.737,554.7278,FI,61.92411,25.748151,6.071950964
Finland,Pfizer/BioNTech,79737,5547278,13876,79.737,554.7278,FI,61.92411,25.748151,6.071950964
France,Moderna,4833263,65383531,3036605,4833.263,6538.3531,FR,46.227638,2.213749,11.28237476
France,Oxford/AstraZeneca,4833263,65383531,303605,4833.263,6538.3531,FR,46.227638,2.213749,11.28237476
France,Pfizer/BioNTech,4833263,65383531,4036605,4833.263,6538.3531,FR,46.227638,2.213749,11.28237476
Germany,Oxford/AstraZeneca,2903036,83935,5769,2903.036,8398.7935,DE,51.165691,10.451526,7.562995175
Germany,Pfizer/BioNTech,2903036,83935,579,2903.036,8398.7935,DE,51.165691,10.451526,7.562995175
Germany,Moderna,2903036,83935,42769,2903.036,8398.7935,DE,51.165691,10.451526,7.562995175
Gibraltar,Pfizer/BioNTech,14275,33683,256,14.275,3.3683,GI,36.137741,-5.345374,0.760027313
Greece,Moderna,277277,10384176,594053,277.277,1038.4176,GR,39.074208,21.824312,6.858117582
Greece,Oxford/AstraZeneca,277277,10384176,14053,277.277,1038.4176,GR,39.074208,21.824312,6.858117582
Greece,Pfizer/BioNTech,277277,10384176,104053,277.277,1038.4176,GR,39.074208,21.824312,6.858117582
Guatemala,Sinovac,195680,18166336,12427,195.68,1816.6336,GT,15.783471,-90.230759,0.06840675
Guernsey,Pfizer/BioNTech,277277,56845,200,277.277,5.6845,GG,49.465691,-2.585278,0.351833934
Guyana,Oxford/AstraZeneca,10606,789440,200546,10.606,78.944,GY,4.860416,-58.93018,25.40357722
Honduras,Moderna,191136,10023942,200546,191.136,1002.3942,HN,15.199999,-86.241905,2.000669996
Hong Kong,Pfizer/BioNTech,277277,1166336,37000,277.277,116.6336,HK,22.396428,114.109497,5.491556464
Hong Kong,Sinovac,277277,1166336,27050,277.277,116.6336,HK,22.396428,114.109497,5.491556464
Hungary,Moderna,689853,9641634,72677,689.853,964.1634,HU,47.162494,19.503304,10.27704433
Hungary,Oxford/AstraZeneca,689853,9641634,821677,689.853,964.1634,HU,47.162494,19.503304,10.27704433
Hungary,Pfizer/BioNTech,689853,9641634,62167,689.853,964.1634,HU,47.162494,19.503304,10.27704433
Hungary,Sinopharm/Beijing,689853,9641634,15677,689.853,964.1634,HU,47.162494,19.503304,10.27704433
Hungary,Sputnik V,689853,9641634,18677,689.853,964.1634,HU,47.162494,19.503304,10.27704433
Iceland,Moderna,16225,342927,11083,16.225,34.2927,IS,64.963051,-19.020835,21.35993958
Iceland,Pfizer/BioNTech,16225,342927,11083,16.225,34.2927,IS,64.963051,-19.020835,21.35993958
Iceland,Oxford/AstraZeneca,16225,342927,51083,16.225,34.2927,IS,64.963051,-19.020835,21.35993958
India,Covaxin,12686049,1390308750,12256337,12686.049,139030.875,IN,20.593684,78.96288,1.043845405
India,Oxford/AstraZeneca,12686049,1390308750,2256337,12686.049,139030.875,IN,20.593684,78.96288,1.043845405
Indonesia,Sinovac,1537967,275719622,1776336,1537.967,27571.9622,ID,-0.789275,113.921327,0.644254474
Iran,Sputnik V,1945964,84808441,200546,1945.964,8480.8441,IR,32.427908,53.688046,0.236469386
Ireland,Moderna,238466,4979653,403550,238.466,497.9653,IE,53.41291,-8.24389,9.049827367
Ireland,Oxford/AstraZeneca,238466,4979653,13550,238.466,497.9653,IE,53.41291,-8.24389,9.049827367
Ireland,Pfizer/BioNTech,238466,4979653,33550,238.466,497.9653,IE,53.41291,-8.24389,9.049827367
Isle of Man,Oxford/AstraZeneca,238466,4979653,14316,238.466,497.9653,IM,54.236107,-4.548056,0.514734661
Isle of Man,Pfizer/BioNTech,238466,4979653,11316,238.466,497.9653,IM,54.236107,-4.548056,0.514734661
Israel,Moderna,834603,9197590,4759854,834.603,919.759,IL,31.046051,34.851612,52.26812676
Israel,Pfizer/BioNTech,834603,9197590,47554,834.603,919.759,IL,31.046051,34.851612,52.26812676
Italy,Moderna,3678944,60394015,3061454,3678.944,6039.4015,IT,41.87194,12.56738,5.910125366
Italy,Oxford/AstraZeneca,3678944,60394015,301454,3678.944,6039.4015,IT,41.87194,12.56738,5.910125366
Italy,Pfizer/BioNTech,3678944,60394015,206454,3678.944,6039.4015,IT,41.87194,12.56738,5.910125366
Japan,Pfizer/BioNTech,485325,126180983,31785,485.325,12618.0983,JP,36.204824,138.252924,0.025190008
Jersey,Oxford/AstraZeneca,3678944,60394015,200546,3678.944,6039.4015,JE,49.214439,-2.13125,0.3495247
Jersey,Pfizer/BioNTech,3678944,60394015,10546,3678.944,6039.4015,JE,49.214439,-2.13125,0.3495247
Jordan,Pfizer/BioNTech,639444,10280059,12546,639.444,1028.0059,JO,30.585164,36.238414,1.586488949
Jordan,Sinopharm/Beijing,639444,10280059,150546,639.444,1028.0059,JO,30.585164,36.238414,1.586488949
Kazakhstan,Sputnik V,256837,18947133,200546,256.837,1894.7133,KZ,48.019573,66.923684,1.058450373
Kuwait,Pfizer/BioNTech,238549,4318438,200546,238.549,431.8438,KW,29.31166,47.481766,4.64394765
Latvia,Moderna,104224,1870241,47371,104.224,187.0241,LV,56.879635,24.603189,6.743141659
Latvia,Oxford/AstraZeneca,104224,1870241,11371,104.224,187.0241,LV,56.879635,24.603189,6.743141659
Latvia,Pfizer/BioNTech,104224,1870241,67371,104.224,187.0241,LV,56.879635,24.603189,6.743141659
Lebanon,Pfizer/BioNTech,480502,6802108,200546,480.502,680.2108,LB,33.854721,35.862285,2.948291912
Liechtenstein,Moderna,12697,38211,10546,12.697,3.8211,LI,47.166,9.555373,4.045955353
Liechtenstein,Pfizer/BioNTech,12697,38211,1546,12.697,3.8211,LI,47.166,9.555373,4.045955353
Lithuania,Moderna,220212,2693197,17299,220.212,269.3197,LT,55.169438,23.881275,11.6329032
Lithuania,Oxford/AstraZeneca,220212,2693197,152999,220.212,269.3197,LT,55.169438,23.881275,11.6329032
Lithuania,Pfizer/BioNTech,220212,2693197,142999,220.212,269.3197,LT,55.169438,23.881275,11.6329032
Luxembourg,Moderna,62414,633692,12755,62.414,63.3692,LU,49.815273,6.129583,9.162968761
Luxembourg,Oxford/AstraZeneca,62414,633692,27655,62.414,63.3692,LU,49.815273,6.129583,9.162968761
Luxembourg,Pfizer/BioNTech,62414,633692,17655,62.414,63.3692,LU,49.815273,6.129583,9.162968761
Malaysia,Sinovac,352029,32680556,25252,352.029,3268.0556,MY,4.210484,101.975766,0.077269187
Maldives,Oxford/AstraZeneca,24908,547751,200546,24.908,54.7751,MV,3.202778,73.22068,36.61262143
Malta,Pfizer/BioNTech,29279,442439,52862,29.279,44.2439,MT,35.937496,14.375416,11.94786174
Mexico,Oxford/AstraZeneca,2251705,129961278,1959525,2251.705,12996.1278,MX,23.634501,-102.552784,0.73831607
Mexico,Pfizer/BioNTech,2251705,129961278,195525,2251.705,12996.1278,MX,23.634501,-102.552784,0.73831607
Mexico,Sputnik V,2251705,129961278,959525,2251.705,12996.1278,MX,23.634501,-102.552784,0.73831607
Monaco,Pfizer/BioNTech,12334,39454,2046,12.334,3.9454,MC,43.750298,7.412841,5.185785979
Mongolia,Oxford/AstraZeneca,11651,3318279,200546,11.651,331.8279,MN,46.862496,103.846656,6.04367505
Montenegro,Sputnik V,92740,628127,11531,92.74,62.8127,ME,42.708678,19.37439,1.835775249
Morocco,Oxford/AstraZeneca,498329,37242552,356670,498.329,3724.2552,MA,31.791702,-7.09262,1.053515344
Morocco,Sinopharm/Beijing,498329,37242552,35686,498.329,3724.2552,MA,31.791702,-7.09262,1.053515344
Nepal,Oxford/AstraZeneca,278210,29533439,20546,278.21,2953.3439,NP,28.394857,84.124008,0.0695686
Netherlands,Moderna,1307466,17163751,20846,1307.466,1716.3751,NL,52.132633,5.291266,1.875685565
Netherlands,Oxford/AstraZeneca,1307466,17163751,200546,1307.466,1716.3751,NL,52.132633,5.291266,1.875685565
Netherlands,Pfizer/BioNTech,1307466,17163751,100546,1307.466,1716.3751,NL,52.132633,5.291266,1.875685565
New Zealand,Pfizer/BioNTech,12524,5002100,200546,12.524,500.21,NZ,-40.900557,174.885971,4.009236121
Northern Ireland,Oxford/AstraZeneca,1307466,17163751,440308,1307.466,1716.3751,,,,2.879999832
Northern Ireland,Pfizer/BioNTech,1307466,17163751,54008,1307.466,1716.3751,,,,2.879999832
Norway,Moderna,99249,5453462,41186,99.249,545.3462,NO,60.472024,8.468946,1.628011711
Norway,Oxford/AstraZeneca,99249,5453462,13411,99.249,545.3462,NO,60.472024,8.468946,1.628011711
Norway,Pfizer/BioNTech,99249,5453462,34186,99.249,545.3462,NO,60.472024,8.468946,1.628011711
Oman,Oxford/AstraZeneca,164274,5204594,100546,164.274,520.4594,OM,21.512583,55.923255,2.317029916
Oman,Pfizer/BioNTech,164274,5204594,20046,164.274,520.4594,OM,21.512583,55.923255,2.317029916
Pakistan,Oxford/AstraZeneca,696184,224136519,180546,696.184,22413.6519,PK,30.375321,69.345116,0.097546799
Pakistan,Sinopharm/Beijing,696184,224136519,20546,696.184,22413.6519,PK,30.375321,69.345116,0.097546799
Pakistan,Sputnik V,696184,224136519,17546,696.184,22413.6519,PK,30.375321,69.345116,0.097546799
Panama,Pfizer/BioNTech,356556,4366224,200546,356.556,436.6224,PA,8.537981,-80.782127,4.593122112
Paraguay,Sputnik V,222663,7199011,200546,222.663,719.9011,PY,-23.442503,-58.443832,2.785743764
Peru,Sinopharm/Beijing,1590209,33320089,319830,1590.209,3332.0089,PE,-9.189967,-75.015152,0.959871386
Philippines,Sinovac,803398,110687179,200546,803.398,11068.7179,PH,12.879721,121.774017,0.181182682
Poland,Moderna,2448463,37814999,219526,2448.463,3781.4999,PL,51.919438,19.145136,6.405505921
Poland,Oxford/AstraZeneca,2448463,37814999,12190,2448.463,3781.4999,PL,51.919438,19.145136,6.405505921
Poland,Pfizer/BioNTech,2448463,37814999,2190526,2448.463,3781.4999,PL,51.919438,19.145136,6.405505921
Portugal,Moderna,823494,10174021,603585,823.494,1017.4021,PT,39.399872,-8.224454,6.528097396
Portugal,Pfizer/BioNTech,823494,10174021,60585,823.494,1017.4021,PT,39.399872,-8.224454,6.528097396
Qatar,Pfizer/BioNTech,184334,2807805,200546,184.334,280.7805,QA,25.354826,51.183884,7.14244757
Romania,Moderna,977986,19139634,94681,977.986,1913.9634,RO,45.943161,24.96676,5.020696843
Romania,Oxford/AstraZeneca,977986,19139634,846781,977.986,1913.9634,RO,45.943161,24.96676,5.020696843
Romania,Pfizer/BioNTech,977986,19139634,19481,977.986,1913.9634,RO,45.943161,24.96676,5.020696843
Russia,EpiVacCorona,4589540,145982158,440332,4589.54,14598.2158,RU,61.52401,105.318756,3.137824555
Russia,Sputnik V,4589540,145982158,4140332,4589.54,14598.2158,RU,61.52401,105.318756,3.137824555
Saint Helena,Oxford/AstraZeneca,4589540,145982158,200546,4589.54,14598.2158,SH,-24.143474,-10.030696,0.137377062
San Marino,Sputnik V,14775,33985,11275,14.775,3.3985,SM,43.94236,12.457777,33.17640135
Saudi Arabia,Oxford/AstraZeneca,393377,35224649,200546,393.377,3522.4649,SA,23.885942,45.079162,0.602112458
Saudi Arabia,Pfizer/BioNTech,393377,35224649,11546,393.377,3522.4649,SA,23.885942,45.079162,0.602112458
Scotland,Oxford/AstraZeneca,184334,2807805,16361,184.334,280.7805,,,,58.79047868
Scotland,Pfizer/BioNTech,184334,2807805,1634361,184.334,280.7805,,,,58.79047868
Senegal,Sinopharm/Beijing,39093,17076626,35299,39.093,1707.6626,SN,14.497401,-14.452362,0.206709452
Serbia,Oxford/AstraZeneca,621375,8710504,11975,621.375,871.0504,RS,44.016521,21.005859,2.840248968
Serbia,Pfizer/BioNTech,621375,8710504,94675,621.375,871.0504,RS,44.016521,21.005859,2.840248968
Serbia,Sinopharm/Beijing,621375,8710504,46375,621.375,871.0504,RS,44.016521,21.005859,2.840248968
Serbia,Sputnik V,621375,8710504,94375,621.375,871.0504,RS,44.016521,21.005859,2.840248968
Seychelles,Oxford/AstraZeneca,14320,98810,55901,14.32,9.881,SC,-4.679574,55.491977,68.21374355
Seychelles,Sinopharm/Beijing,14320,98810,11501,14.32,9.881,SC,-4.679574,55.491977,68.21374355
Singapore,Pfizer/BioNTech,60495,5885314,317715,60.495,588.5314,SG,1.352083,103.819836,5.398437535
Slovakia,Pfizer/BioNTech,365400,5461658,321645,365.4,546.1658,SK,48.669026,19.699024,5.88914575
Slovenia,Oxford/AstraZeneca,220425,2079156,14958,220.425,207.9156,SI,46.151241,14.995463,6.729461378
Slovenia,Pfizer/BioNTech,220425,2079156,124958,220.425,207.9156,SI,46.151241,14.995463,6.729461378
South Africa,Johnson&Johnson,1552416,59875953,17047,1552.416,5987.5953,ZA,-30.559482,22.937506,0.028470528
South Korea,Oxford/AstraZeneca,106230,51302811,200546,106.23,5130.2811,KR,35.907757,127.766922,0.390906455
Spain,Moderna,3311325,46768582,2642034,3311.325,4676.8582,ES,40.463667,-3.74922,7.047684277
Spain,Oxford/AstraZeneca,3311325,46768582,12034,3311.325,4676.8582,ES,40.463667,-3.74922,7.047684277
Spain,Pfizer/BioNTech,3311325,46768582,642034,3311.325,4676.8582,ES,40.463667,-3.74922,7.047684277
Sri Lanka,Oxford/AstraZeneca,93595,21481589,200546,93.595,2148.1589,LK,7.873054,80.771797,0.933571534
Sweden,Oxford/AstraZeneca,813191,10147161,12046,813.191,1014.7161,SE,60.128161,18.643501,6.03707776
Sweden,Pfizer/BioNTech,813191,10147161,600546,813.191,1014.7161,SE,60.128161,18.643501,6.03707776
Switzerland,Moderna,605342,8702740,55521,605.342,870.274,CH,46.818188,8.227512,6.998278703
Switzerland,Pfizer/BioNTech,605342,8702740,553521,605.342,870.274,CH,46.818188,8.227512,6.998278703
Thailand,Sinovac,29571,69933377,11319,29.571,6993.3377,TH,15.870032,100.992541,0.016185405
Turkey,Sinovac,3529601,85028056,6975558,3529.601,8502.8056,TR,38.963745,35.243322,8.20383098
Turks and Caicos Islands,Pfizer/BioNTech,29571,69933377,200546,29.571,6993.3377,TC,21.694025,-71.797928,0.286767218
Ukraine,Oxford/AstraZeneca,1769164,43533047,14905,1769.164,4353.3047,UA,48.379433,31.16558,0.034238357
United Arab Emirates,Oxford/AstraZeneca,472148,9981074,290546,472.148,998.1074,AE,23.424076,53.847818,13.17288099
United Arab Emirates,Pfizer/BioNTech,472148,9981074,12046,472.148,998.1074,AE,23.424076,53.847818,13.17288099
United Arab Emirates,Sinopharm/Beijing,472148,9981074,800546,472.148,998.1074,AE,23.424076,53.847818,13.17288099
United Arab Emirates,Sinopharm/Wuhan,472148,9981074,11111,472.148,998.1074,AE,23.424076,53.847818,13.17288099
United Arab Emirates,Sputnik V,472148,9981074,200546,472.148,998.1074,AE,23.424076,53.847818,13.17288099
United Kingdom,Oxford/AstraZeneca,29571,69933377,20481538,29.571,6993.3377,GB,55.378051,-3.435973,29.3180122
United Kingdom,Pfizer/BioNTech,29571,69933377,21538,29.571,6993.3377,GB,55.378051,-3.435973,29.3180122
United States,Moderna,31496976,332479117,50997,31496.976,33247.9117,US,37.09024,-95.712891,15.27434097
United States,Pfizer/BioNTech,31496976,332479117,50732997,31496.976,33247.9117,US,37.09024,-95.712891,15.27434097
Uruguay,Sinovac,119958,3482896,18357,119.958,348.2896,UY,-32.522779,-55.765835,0.527061388
Venezuela,Sputnik V,167548,28374458,200546,167.548,2837.4458,VE,6.42375,-66.58973,0.706783545
Wales,Oxford/AstraZeneca,119958,3482896,19485,119.958,348.2896,,,,27.36142566
Wales,Pfizer/BioNTech,119958,3482896,933485,119.958,348.2896,,,,27.36142566
Zimbabwe,Sinopharm/Beijing,36934,15026922,21456,36.934,1502.6922,ZW,-19.015438,29.154857,0.142783732
